274,17
257,76
257,75
257,74
257,73
257,72
257,71
257,70
257,69
257,68
257,67
257,66
257,65
257,64
257,40
257,39
257,38
257,37
257,36
257,35
257,34
257,33
257,32
257,31
257,30
257,29
257,28
257,27
257,26
257,25
257,24
257,23
257,22
257,21
257,20
257,19
257,18
257,17
257,16
257,15
257,14
257,13
257,12
257,11
257,10
257,9
257,8
257,7
257,6
257,5
257,4
257,3
257,2
257,1
257,0
255,13
255,12
255,11
255,10
255,9
255,8
255,7
255,6
255,5
255,4
255,3
255,2
255,1
255,0
252,5
252,4
252,3
252,2
252,1
252,0
251,4
251,3
251,2
251,1
251,0
250,4
250,3
250,2
250,1
250,0
249,6
249,5
249,4
249,3
249,2
249,1
249,0
248,3
248,2
248,1
248,0
4,3
2,3
2,2
2,1
2,0
1,3
0,815
0,796
0,754
0,646
0,518
0,348
0,338
0,243
0,9
0,0
0,1
0,630
0,300
0,614
0,299
0,664
0,298
0,363
0,297
0,328
0,296
0,602
0,295
0,661
0,294
0,601
0,293
0,622
0,292
0,629
0,291
0,643
0,290
0,594
0,289
0,580
0,288
0,613
0,287
0,642
0,286
0,340
0,285
0,579
0,284
0,600
0,283
0,592
0,282
0,336
0,281
0,599
0,280
0,573
0,279
0,627
0,278
0,330
0,277
0,366
0,276
0,633
0,275
0,591
0,274
0,373
0,273
0,632
0,272
0,593
0,271
0,636
257,77
257,78
257,80
257,81
257,83
257,84
257,86
257,88
257,89
257,91
257,92
257,94
257,96
257,97
257,99
257,100
257,102
257,103
257,105
257,107
257,108
257,110
257,111
257,113
257,115
257,116
257,118
257,119
257,121
257,122
257,124
257,126
257,127
257,129
257,130
257,132
257,134
257,135
257,137
257,138
257,140
257,141
257,143
257,145
257,146
257,148
257,149
257,151
257,153
257,154
257,156
257,157
257,159
257,161
257,162
257,164
257,165
257,167
257,168
257,170
257,172
257,173
257,175
257,176
257,178
257,180
257,181
257,183
257,184
257,186
257,187
257,189
257,191
257,192
257,194
257,195
257,197
257,199
257,200
257,202
257,203
257,205
257,206
257,208
257,210
257,211
257,213
257,214
257,216
257,218
257,219
257,221
257,222
257,224
257,226
257,227
257,229
257,230
257,232
257,233
257,235
257,237
257,238
257,240
257,241
257,243
257,245
257,246
257,248
257,249
257,251
257,252
257,254
257,256
257,257
257,259
257,260
257,262
257,264
257,265
257,267
257,268
257,270
257,271
257,273
257,275
257,276
257,278
257,279
257,281
257,283
257,284
257,286
257,287
257,289
257,290
257,292
257,294
257,295
257,297
257,298
257,300
257,302
257,303
257,305
257,306
257,308
257,310
257,311
257,313
257,314
257,316
257,317
257,319
257,321
257,322
257,324
257,325
257,327
257,329
257,330
257,332
257,333
257,335
257,336
257,338
257,340
257,341
257,343
257,344
257,346
257,348
257,349
257,351
257,352
257,354
257,355
257,357
257,359
257,360
257,362
257,363
257,365
257,367
257,368
257,370
257,371
257,373
257,375
257,376
257,378
257,379
257,381
257,382
257,384
257,386
257,387
257,389
257,390
257,392
257,394
257,395
257,397
257,398
257,400
257,401
257,403
257,405
257,406
257,408
257,409
257,411
257,413
257,414
257,416
257,417
257,419
257,420
257,422
257,424
257,425
257,427
257,428
257,430
257,432
257,433
257,435
257,436
257,438
257,439
257,441
257,443
257,444
257,446
257,447
257,449
257,451
257,452
257,454
257,455
257,457
257,459
257,460
257,462
257,463
257,465
257,466
257,468
257,470
257,471
257,473
257,474
257,476
257,478
257,479
257,481
257,482
257,484
257,485
257,487
257,489
257,490
257,492
257,493
257,495
257,497
257,498
257,500
257,501
257,503
257,504
257,506
257,508
257,509
257,511
257,512
257,514
257,516
257,517
257,519
257,520
257,522
257,524
257,525
257,527
257,528
257,530
257,531
257,533
257,535
257,536
257,538
257,539
257,541
257,543
257,544
257,546
257,547
257,549
257,550
257,552
257,554
257,555
257,557
257,558
257,560
257,562
257,563
257,565
257,566
257,568
257,569
257,571
257,573
257,574
257,576
257,577
257,579
257,581
257,582
257,584
257,585
257,587
257,589
257,590
257,592
257,593
257,595
257,596
257,598
257,600
257,601
257,603
257,604
257,606
257,608
257,609
257,611
257,612
257,614
257,615
257,617
257,619
257,620
257,622
257,623
257,625
257,627
257,628
257,630
257,631
257,633
257,634
257,636
257,638
257,639
257,641
257,642
257,644
257,646
257,647
257,649
257,650
257,652
257,653
257,655
257,657
257,658
257,660
257,661
257,663
257,665
257,666
257,668
257,669
257,671
257,673
257,674
257,676
257,677
257,679
257,680
257,682
257,684
257,685
257,687
257,688
257,690
257,692
257,693
257,695
257,696
257,698
257,699
257,701
257,703
257,704
257,706
257,707
257,709
257,711
257,712
257,714
257,715
257,717
257,718
257,720
257,722
257,723
257,725
257,726
257,728
257,730
257,731
257,733
257,734
257,736
257,738
257,739
257,741
257,742
257,744
257,745
257,747
257,749
257,750
257,752
257,753
257,755
257,757
257,758
257,760
257,761
257,763
257,764
257,766
257,768
257,769
257,771
257,772
257,774
257,776
257,777
257,779
257,780
257,782
257,783
257,785
257,787
257,788
257,790
257,791
257,793
257,795
257,796
257,798
257,799
257,801
257,802
257,804
257,806
257,807
257,809
257,810
257,812
257,814
257,815
257,817
257,818
257,820
257,822
257,823
257,825
257,826
257,828
257,829
257,831
257,833
257,834
257,836
257,837
257,839
260,1
260,2
260,4
260,5
260,7
260,8
260,10
260,12
260,13
260,15
260,16
260,18
260,20
260,21
263,1
263,2
263,4
263,5
263,7
263,9
263,10
263,12
263,13
263,15
263,17
263,18
263,20
263,21
263,23
263,25
263,26
263,28
263,29
263,31
263,32
263,34
263,36
263,37
263,39
263,40
263,42
263,44
263,45
263,47
263,48
263,50
263,51
263,53
265,0
265,1
265,3
265,4
270,1
270,3
270,4
270,6
270,7
270,9
270,10
270,12
270,14
270,15
270,17
270,18
270,20
270,22
270,23
270,25
270,26
270,28
270,29
270,31
270,33
270,34
270,36
270,37
270,39
270,41
270,42
270,44
270,45
270,47
270,49
270,50
270,52
270,53
270,55
270,56
270,58
270,60
270,61
270,63
270,64
270,66
270,68
270,69
270,71
270,72
270,74
270,75
270,77
270,79
270,80
270,82
271,0
271,2
271,4
274,0
274,2
274,3
274,5
274,6
274,8
274,10
274,11
274,13
274,14
274,16
274,15
274,12
274,9
274,7
274,4
274,1
271,3
271,1
270,81
270,78
270,76
270,73
270,70
270,67
270,65
270,62
270,59
270,57
270,54
270,51
270,48
270,46
270,43
270,40
270,38
270,35
270,32
270,30
270,27
270,24
270,21
270,19
270,16
270,13
270,11
270,8
270,5
270,2
270,0
265,2
263,64
263,52
263,49
263,46
263,43
263,41
263,38
263,35
263,33
263,30
263,27
263,24
263,22
263,19
263,16
263,14
263,11
263,8
263,6
263,3
263,0
260,19
260,17
260,14
260,11
260,9
260,6
260,3
260,0
257,838
257,835
257,832
257,830
257,827
257,824
257,821
257,819
257,816
257,813
257,811
257,808
257,805
257,803
257,800
257,797
257,794
257,792
257,789
257,786
257,784
257,781
257,778
257,775
257,773
257,770
257,767
257,765
257,762
257,759
257,756
257,754
257,751
257,748
257,746
257,743
257,740
257,737
257,735
257,732
257,729
257,727
257,724
257,721
257,719
257,716
257,713
257,710
257,708
257,705
257,702
257,700
257,697
257,694
257,691
257,689
257,686
257,683
257,681
257,678
257,675
257,672
257,670
257,667
257,664
257,662
257,659
257,656
257,654
257,651
257,648
257,645
257,643
257,640
257,637
257,635
257,632
257,629
257,626
257,624
257,621
257,618
257,616
257,613
257,610
257,607
257,605
257,602
257,599
257,597
257,594
257,591
257,588
257,586
257,583
257,580
257,578
257,575
257,572
257,570
257,567
257,564
257,561
257,559
257,556
257,553
257,551
257,548
257,545
257,542
257,540
257,537
257,534
257,532
257,529
257,526
257,523
257,521
257,518
257,515
257,513
257,510
257,507
257,505
257,502
257,499
257,496
257,494
257,491
257,488
257,486
257,483
257,480
257,477
257,475
257,472
257,469
257,467
257,464
257,461
257,458
257,456
257,453
257,450
257,448
257,445
257,442
257,440
257,437
257,434
257,431
257,429
257,426
257,423
257,421
257,418
257,415
257,412
257,410
257,407
257,404
257,402
257,399
257,396
257,393
257,391
257,388
257,385
257,383
257,380
257,377
257,374
257,372
257,369
257,366
257,364
257,361
257,358
257,356
257,353
257,350
257,347
257,345
257,342
257,339
257,337
257,334
257,331
257,328
257,326
257,323
257,320
257,318
257,315
257,312
257,309
257,307
257,304
257,301
257,299
257,296
257,293
257,291
257,288
257,285
257,282
257,280
257,277
257,274
257,272
257,269
257,266
257,263
257,261
257,258
257,255
257,253
257,250
257,247
257,244
257,242
257,239
257,236
257,234
257,231
257,228
257,225
257,223
257,220
257,217
257,215
257,212
257,209
257,207
257,204
257,201
257,198
257,196
257,193
257,190
257,188
257,185
257,182
257,179
257,177
257,174
257,171
257,169
257,166
257,163
257,160
257,158
257,155
257,152
257,150
257,147
257,144
257,142
257,139
257,136
257,133
257,131
257,128
257,125
257,123
257,120
257,117
257,114
257,112
257,109
257,106
257,104
257,101
257,98
257,95
257,93
257,90
257,87
257,85
257,82
257,79
0,270
0,617
0,269
0,624
0,268
0,653
0,267
0,660
0,266
0,598
0,265
0,638
0,264
0,651
0,263
0,656
0,262
0,623
0,261
0,647
0,260
0,649
0,259
0,621
0,258
0,635
0,257
0,652
0,256
0,365
0,255
0,586
0,254
0,584
0,253
0,612
0,252
0,659
0,251
0,616
0,250
0,626
0,249
0,327
0,248
0,334
0,247
0,583
0,246
0,620
0,245
0,343
0,244
0,611
0,242
0,597
0,241
0,354
0,240
0,610
0,239
0,578
0,238
0,641
0,237
0,631
0,236
0,618
0,235
0,645
0,234
0,320
0,233
0,625
0,232
0,650
0,231
0,333
0,230
0,609
0,229
0,637
0,228
0,577
0,227
0,353
0,226
0,350
0,225
0,634
0,224
0,349
0,223
0,667
0,222
0,590
0,221
0,644
0,220
0,666
0,219
0,608
0,218
0,655
0,217
0,669
0,216
0,589
0,215
0,607
0,214
0,619
0,213
0,663
0,212
0,606
0,211
0,368
0,210
0,569
0,209
0,605
0,208
0,615
0,207
0,588
0,206
0,332
0,205
0,668
0,204
0,628
0,203
0,658
0,202
0,347
0,201
0,581
0,200
0,337
0,199
0,585
0,198
0,326
0,197
0,568
0,196
0,576
0,195
0,654
0,194
0,193
0,587
0,192
0,648
0,63
0,662
0,62
0,670
0,61
0,657
0,60
0,322
0,59
0,345
0,58
0,574
0,57
0,665
0,56
0,344
0,55
0,364
0,54
0,321
0,53
0,582
0,52
0,640
0,51
0,595
0,50
0,596
0,49
0,604
0,48
0,575
0,47
0,331
0,46
0,639
0,45
0,603
0,6
0,5
0,304
0,303
0,306
0,305
0,302
0,12
0,10
0,8
0,11
0,4
0,2
0,3
0,7
